#!/usr/bin/env python3
# -*- coding: utf-8 -*-
"""
Created on Tue Mar  3 17:24:29 2020

@author: jessie
"""

import numpy as np
import matplotlib.pyplot as plt
from rotar import rotar90
n=5000 #es el tamaño de los puntos
a = np.array([[1,1,1,1,1,1,0,1,1,0,1,1,1,1,1,1,1,1,1,1,1,1,1,1,0,1,1,1,1,1,1,1,1,1,1],
            [1,1,1,1,1,0,0,0,1,1,1,1,1,1,1,1,1,1,1,1,1,1,1,0,0,0,1,1,1,1,1,1,1,1,1],
            [1,1,1,1,1,0,0,0,0,1,1,1,1,1,1,1,1,1,1,1,1,1,1,0,0,0,1,1,1,1,1,1,1,1,1],
            [1,1,1,1,1,0,0,0,0,0,1,1,1,1,1,1,1,1,1,1,1,1,0,0,0,0,1,1,1,1,1,1,1,1,1],
            [1,1,1,1,1,0,0,0,0,0,0,1,1,1,1,1,1,1,1,1,1,0,0,0,0,0,0,1,1,1,1,1,1,1,1],
            [1,1,1,1,1,0,0,0,0,0,0,0,1,0,0,0,0,0,0,0,0,0,0,0,0,0,0,0,0,0,1,1,1,1,1],
            [1,1,1,1,1,0,0,0,0,0,0,0,0,0,0,0,0,0,0,0,0,0,0,0,0,0,0,0,0,0,1,1,1,1,1],
            [1,1,1,1,1,0,0,0,0,0,0,0,0,0,1,1,1,1,1,1,1,1,0,0,0,0,1,1,0,0,1,1,1,1,1],
            [1,1,1,1,1,0,0,0,0,0,0,0,0,1,1,1,1,1,1,1,1,1,1,0,0,0,1,1,1,0,0,1,1,1,1],
            [1,1,1,1,1,0,0,0,0,0,0,0,1,1,1,1,1,1,1,1,1,1,1,1,0,0,1,1,1,1,0,0,1,1,1],
            [1,1,1,1,0,0,0,0,0,0,0,0,1,1,1,1,1,1,1,1,1,1,1,1,0,0,1,1,1,1,1,0,1,1,1],
            [1,1,1,1,0,0,0,0,0,0,0,1,1,1,1,1,1,1,1,1,1,1,1,1,1,0,1,1,1,1,1,1,0,1,1],
            [1,1,1,1,0,0,0,0,0,0,0,1,1,1,1,1,1,1,1,1,1,1,1,1,1,0,1,1,1,0,0,1,0,0,1],
            [1,1,1,1,0,0,0,0,0,0,1,1,1,1,1,1,1,1,1,0,0,0,1,1,1,0,1,1,1,0,0,0,1,0,1],
            [1,1,1,0,0,0,0,0,0,0,1,1,1,1,1,1,1,1,0,0,0,0,1,1,1,0,1,1,1,0,0,0,1,0,0],
            [1,1,1,0,0,0,0,0,0,0,1,1,1,1,1,1,1,1,0,0,0,0,1,1,1,0,0,1,1,0,0,0,1,0,0],
            [1,1,0,0,0,0,0,0,0,0,1,1,1,1,1,1,1,1,0,0,0,0,1,1,1,0,0,1,1,0,0,0,1,0,0],
            [1,0,0,0,0,0,0,0,0,0,1,1,1,1,1,1,1,1,0,0,0,0,1,1,1,0,0,1,1,1,0,0,1,1,0],
            [1,0,0,0,0,0,0,0,0,0,0,1,1,1,1,1,1,1,1,0,0,0,1,1,1,0,0,0,1,1,1,1,1,1,0],
            [0,0,0,0,0,0,0,0,0,0,0,1,1,1,1,1,1,1,1,0,1,1,1,1,0,0,1,0,1,1,1,1,1,1,0],
            [1,0,0,0,0,0,0,0,0,0,0,0,1,1,1,1,1,1,1,1,1,1,1,1,0,1,1,0,0,0,0,0,1,0,0],
            [1,1,0,0,0,0,0,1,1,1,0,0,0,1,1,1,1,1,1,1,1,1,1,1,0,0,1,0,0,0,0,0,0,1,0],
            [1,1,1,0,0,0,1,1,1,1,1,1,0,0,0,1,1,1,1,1,1,1,0,0,1,1,0,0,0,0,0,0,1,0,0],
            [1,1,0,0,0,0,1,1,1,0,0,0,1,1,0,0,0,0,0,0,0,0,0,1,1,1,0,0,0,0,0,0,0,0,0],
            [1,0,0,0,0,0,1,1,1,0,0,0,1,1,1,1,1,0,0,0,0,1,1,1,1,1,1,0,0,0,0,0,0,0,0],
            [1,1,1,1,0,0,1,1,1,1,1,0,0,1,1,1,1,1,1,1,1,1,1,1,1,1,1,1,1,1,1,0,1,0,1],
            [1,1,1,1,1,0,0,1,1,1,1,1,1,0,0,0,1,1,1,1,1,1,1,1,1,1,1,1,1,0,0,1,0,0,1],
            [1,1,1,1,1,0,0,1,1,1,1,1,1,0,0,0,0,0,0,0,1,1,1,1,0,0,0,0,0,0,1,1,0,1,1],
            [1,1,1,1,1,1,0,0,1,1,1,1,1,1,0,0,0,0,0,0,0,0,0,0,0,0,0,0,0,0,1,0,1,1,1],
            [1,1,1,1,1,1,1,0,0,1,1,1,1,1,0,0,0,1,1,1,0,0,0,0,0,0,0,0,0,1,0,0,1,1,1],
            [1,1,1,1,1,1,1,1,0,0,1,1,1,1,1,0,1,1,1,1,1,1,0,1,1,1,0,0,1,0,0,1,1,1,1],
            [1,1,1,1,1,1,1,1,1,0,0,1,1,1,1,1,0,0,1,1,1,1,1,1,1,0,0,1,0,0,1,1,1,1,1],
            [1,1,1,1,1,1,1,1,1,1,0,0,0,1,1,1,1,0,0,0,0,0,0,0,0,0,0,0,0,1,1,1,1,1,1],
            [1,1,1,1,1,1,1,1,1,1,1,1,0,0,0,0,0,1,1,0,1,1,0,0,0,0,0,1,1,1,1,1,1,1,1],
            [1,1,1,1,1,1,1,1,1,1,1,1,1,1,0,0,0,0,0,0,0,0,0,0,0,1,1,1,1,1,1,1,1,1,1]])

fig, ax=plt.subplots(a)
im=ax.imshow(a)
x = fig, ax=plt.subplots(a)
y = fig, ax=plt.subplots(a)
fig, ax=plt.subplots(x, y, 'r--')  #reflejar en x y y. 
fig, ax=plt.subplots(y, x, 'g*-')

#no se si esto que hice además con a negativa sirva para rotarlo. 
#fig, ax=plt.subplots(a)
#im=ax.imshow(-a)


 #encontre tres maneras de rotar.
 #esta primera es para rotarla con cierto numero de posiciones. 
def rotar_izquierda(cadena, posiciones):
  return cadena[posiciones:] + cadena[:posiciones]

def rotar_derecha(cadena, posiciones):
  return rotar_izquierda(cadena, -posiciones)

for a in a:
  print("Rotar {} a la izquierda: ".format(a))
  print(rotar_izquierda(a, 3))  
  
  
  #tambien esta función que primero importas las librerias. 
rotar90(a)
#se pueden rotar las matrices con rotar270() y rotar180()
  

#encontre esta otra por aquí
fig.subplots_adjust(hspace=0.5, left=0.07, right=0.93)
  

#para cambiar el color de los puntos
x = fig, ax=plt.subplots(a)
y = fig, ax=plt.subplots(a)
v = np.random.randint(0, 3, size=n)
colores = ["#00cc44",  # Verde
           "#ff7700",  # Naranja
           "#ff0000"   # Rojo
          ]

plt.figure(figsize=(10,7))
plt.scatter(x, y, s=30, c=np.take(colores, v))
plt.show()


#FUENTES
#https://es.stackoverflow.com/questions/228637/cambiar-color-de-los-puntos-en-matplotlib-python-3-6
#http://research.iac.es/sieinvens/python-course/source/matplotlib.html


  
  